9780007322602
9780465050659
3
3
3
3
3
3
3
3
3
3
33
9780007322602
9780465050659
3
3
3
3
3
3
3
3
3
3
33
9780007322602
9780465050659
3
3
3
3
3
3
3
3
3
3
33
9780007322602
9780465050659
3
3
3
3
3
3
3
3
3
3
33
9780007322602
9780465050659
3
3
3
3
3
3
3
3
3
3
33
9780007322602
9780465050659
3
3
3
3
3
3
3
3
3
3
33
9780007322602
9780465050659
3
3
3
3
3
3
3
3
3
3
33
9780007322602
9780465050659
3
3
3
3
3
3
3
3
3
3
33
9780007322602
9780465050659
3
3
3
3
3
3
3
3
3
3
33
9780007322602
9780465050659
3
3
3
3
3
3
3
3
3
3
33
9780007322602
9780465050659
3
3
3
3
3
3
3
3
3
3
33
9780007322602
9780465050659
3
3
3
3
3
3
3
3
3
3
33